0.03819717208721011
0.07181043178203546
-0.02796592871519342
0.07011833317849377
0.04194403505568485
0.04140931365898556
0.012240745837255693
0.006402310002207228
0.007060093375548437
0.030950237227184242
0.03908819914927297
0.036978848413121226
0.027321429257589014
0.10716667743554245
0.032987903210059136
0.003729395308507664
0.05200479248520453
0.027072300114927145
-0.016011646572455122
0.06689331502959307
0.06206303993923392
0.047390755622478756
0.02566910099098833
0.01815812448951372
0.03286862889924509
0.05850341898643926
0.08506025390205957
0.06939605384771946
0.013007104645538637
0.044001835949907905
0.00807171600709282
0.03927880622434768
0.08065113219441823
0.048659826539029324
0.02496764250447342
0.0358076425946784
0.053505115814968675
0.07522956634718202
0.03032397921383862
0.01262514003195773
0.03504881227751186
0.045098278073390466
0.07426468144020214
0.053983474064635925
-0.00899133016468025
0.020616861279486885
0.00793044024979141
-0.015326216911607099
0.049462333383268546
0.04299063163343479
-0.014871513033005762
0.014818383137477341
-0.01661558245405169
0.019360751404002632
0.0373694716316208
0.02674804275620417
0.009790658557580769
0.03386255165910042
0.05435935175306611
0.010408713108742619
0.022915441751674533
0.060163360586760806
0.022987039716006304
0.06179431878423942
0.044092010183532884
-0.02052010648322867
0.022782490190993984
0.009933872247056424
-0.03422952344092927
0.013563544941500166
0.027813171396778854
0.028364590290138655
0.03188951187565845
0.04255852668598135
0.04672720515315077
0.03824439124540266
0.06379337302176645
0.06742148094228213
0.05202770632950985
0.08241210996906814
0.05579235606013868
0.01301294067531599
0.018794086271281724
0.03488547774080832
0.01286096126647234
0.10066210783922258
0.029828520037441398
0.07022149171812628
0.05637099403209264
-0.035717997035708604
-0.017828725770682417
0.0330576572818175
0.04568646706394751
-0.014136133062450276
0.016327117921596638
-0.027145163759471756
0.02877681541559292
0.03957386218369916
0.037702058784893355
0.0320809272944818
0.06218053463352603
0.04240611869246195
0.025883205733984838
0.023936919847645566
0.026960742028527555
0.04479099678779021
0.02408659342666473
0.027112706288125885
-0.02449156436833989
0.0196373223198942
0.046138014143363784
0.042069060001633046
0.06737427564249235
0.008024630444443381
0.04837119639310974
0.023376279433973003
-0.008482314119954776
0.017432083439044285
0.049488957103584405
0.022978299487290556
0.035051449552675626
0.05307459619379827
0.03994929229156259
0.03112449196718461
0.0379342774244645
0.06293154556791805
0.023783112660629886
0.006409802793674414
-0.01809922945055931
0.009195684587671546
-0.008222858608763055
0.038293394383708074
-0.07035384481057619
0.07666019991315651
0.04788886995670004
0.053279332144380125
0.04767593619215093
-0.005150557133840697
0.028344112185585458
0.05152481640462752
0.03958083570956678
0.01667036444947493
0.01973540530096685
0.020894211785132105
0.0181981635886243
0.0007130607154870048
0.022780470094710095
-0.004776800588318605
0.052280677893080184
0.04920675066777362
0.021475798442735585
0.04058612889774988
0.020901559959589894
0.05521489946842428
0.04106787211318797
0.05148968946470472
0.025012502174040958
0.03839713593843027
0.06655498961648082
0.06374983780734489
0.07588801393101197
0.11395493061249029
0.003451048284862709
0.0378811251504272
0.10370670711934722
0.04504215972787582
0.0326275255468114
0.038056585000519366
0.06919160383906922
0.0011594889115922628
0.0035252713056130305
0.01688930540340598
0.0335665593084074
-0.010269488778948522
-0.014824412457000962
0.047480122059493306
0.026722330758821838
0.03219365629820214
0.014934232583841986
0.0639676566705336
0.02815067057547965
-0.03731990088067969
0.026363118587698898
0.03629889509884427
0.04464858995020882
0.04261687270504815
0.07084579438185938
0.0332784038526446
-0.001203008302017683
0.0139426586634084
0.031442485134835586
0.011749658601406188
0.02711893302900686
0.048933141941682363
0.008491433716956489
0.04913806772951656
0.0061096463835649956
0.04541319240355228
0.09180153863229702
0.05026101635924427
0.0060102944562516495
0.043152419688382
0.06652947188168293
0.010273708073314793
-0.005852214054626405
0.0471054869837564
0.04903193947121209
0.03167078635242102
0.03718438725036794
0.023467652039348506
-0.006454589678097988
0.08441845957519344
0.034474198652596696
0.024691604706295816
0.06907661111123846
0.01907853524971092
-0.004450434246323034
0.0033438988855056103
0.03691343405886645
0.08293611553394939
0.06481758740347053
0.014270976301125364
0.03868207275722661
0.048354653845185135
0.06368961221161158
0.05639842049973475
0.059395568845109825
0.005308269858222282
0.025605526708961768
0.008627938710693889
0.024767036498484454
0.04338106014689614
0.030939253353378958
0.02698309245548783
0.03624108359736576
0.03416488963725852
0.004150537599545054
0.0007382209161578556
0.0409457066968423
0.04957998676749397
0.07569388267893033
0.012428422704905105
0.10311171915595459
0.058552321997993685
0.04882522499093305
0.03933006098479
0.012466417436380819
0.015816688872420374
0.06819910347121673
0.014057557407845698
0.06739495830042574
0.003871465638932236
0.09809385379040347
0.0409404167956049
0.03338998739005223
0.10004559471557314
0.03357673790585778
0.08349995950794059
0.028019064031564938
0.06233752009606712
0.11457458355236184
-0.0021230899163367694
0.06132326152587269
0.008227351081655647
-0.01210616330867507
0.043993943456356634
0.028182774753282007
0.012643909145417253
0.048004029694044305
-0.00274058514749112
0.0740385324514414
-0.018215254637977192
0.07630347625841366
0.0033487504986869357
0.07166445078797115
0.04271840122584667
0.04789564231332274
0.07385071836026946
0.03904259968434136
0.06691047910099912
0.05132561153851677
0.03692172381644022
0.010909514425500661
0.047542312184566754
0.030638656632640923
0.005557070672241649
-0.015467282360799726
0.051895098802054236
0.016943617580012386
0.05283400108286632
-0.010375004192665061
0.040080872206231716
0.09036894280898623
0.03261534127834141
0.035903611779448195
-0.04918553783120689
-0.01744908165060718
0.0162897789586578
0.04356862986264452
0.05361448909200963
0.05087010171702102
0.044705770969541286
0.06965949924664067
0.024101320265053475
0.0322697204007102
0.08274078801114473
0.036682886989251096
0.049321467330511945
0.021812258350179435
0.027981733636051713
0.008890178208668506
0.017692032493507048
0.07278578969297088
0.11516190355534504
0.0604946214354857
0.034974142277721956
0.062126012434726686
-0.00405019279461165
0.021255348757156275
0.029680965597959026
0.04733965863171476
0.02358007993346434
0.020268478970513145
0.04416216981053865
0.043732509904462986
0.09717483298273952
0.04285675153516322
0.024885172750673014
0.03828629050184755
0.05821928096428281
0.06551885956822415
0.01031683277217276
0.023571813646711758
0.03533963674889477
-0.0017522772521864672
0.027094785763262318
0.022368685559955255
0.07656587979216477
0.012358612010473533
0.02038689684408447
-0.014126213883122216
0.03013267352881897
0.028915554794230813
0.06283229728409075
0.04299566772774267
0.03936193261790009
0.03358402715563915
0.0075564086451978905
-0.007923519044007525
0.003513505448089951
0.08364953021572402
0.05321718292139861
0.011763312420764107
0.06049931727513627
0.07675366601188753
0.10106035672670956
0.09423047666174218
0.041617477509377915
0.045743197842076186
0.050476926781493174
0.07016781324714466
0.054679888880614244
0.005921899052409266
0.03703224892902026
0.04353712102720231
0.008431211161677336
0.0141033625908067
-0.018611513884205913
0.03035799853144139
0.054309642583233037
0.06832331573613215
0.054999673815299764
0.06737185294066808
0.02498523762592245
0.0381377371298479
0.06349514356401657
0.022837332229523152
-0.011092471412517001
0.0724066518975668
0.05695140584000274
0.0871988076454814
0.01304953503680382
0.013008077926335567
0.011043185457408967
0.058656623597274
0.03521208527963612
0.014009892083505079
0.019728661860947006
0.03479430184936929
0.04031290545559017
0.07060684964163537
0.033750680167944996
0.02581652564077079
0.04681738140078394
0.032980846348993904
0.038080580685021126
0.04059661292233811
-0.023593655611199103
-0.013520494653669217
0.033462091919065365
0.021671450940644186
0.046743811416545676
-0.0007144705753493833
0.013452897591731697
-0.019447035543740727
0.0541102441942918
0.018590413492338764
0.024080634168635914
0.03993541905159143
0.04478358617656903
0.056256114189269554
0.020056402602729506
0.058097441290788754
0.04196792839410052
0.037079658174670876
0.021232825233219437
0.045402215751289915
0.027101267407833637
0.06487892529212433
0.0423431652507613
0.08577256968385949
0.04314780102554197
0.035106230987011565
0.07398838757211416
0.032053066955817444
-0.004303871139797786
0.06533527611644843
0.022542626615238457
-0.0021925875395006414
0.021504123224808717
0.06704164010136322
0.06640599022598442
0.06687633450767218
0.0707339979457669
0.053665440452729155
0.10354622082460083
0.057046806400002384
-0.009940597576309865
0.03857611877086249
0.03917751139507131
0.04724740988809616
0.0736581969626002
0.05594455812997793
-0.005302086640295949
0.02680655242307926
0.03426655000230262
0.012196172466375589
0.016539205147000344
0.04897024950606912
0.039150991809245715
0.047727899973768244
0.01060977822158572
0.020675722992178416
0.04510562096175646
-0.023387419169207
0.03639439502141687
0.04646848440404474
0.027200417361623548
0.002749974693775262
-0.02139637161619679
0.03481921929826302
0.035127994162053706
0.011889064345728288
0.043653298903103745
0.026787999738486987
0.20443784214454236
0.04533491935892592
0.08935737510847849
0.021128981079535026
0.033762005892252304
0.04081300685004758
0.08768199555001788
0.0898310485568822
0.027395802142732642
0.09318301175759659
0.07190880290547046
0.0054223981353741565
0.07703891141289446
0.01203097465690389
0.053495135408158465
0.08018380749626187
0.014645141989713685
0.053994472755074734
0.031293482847160874
0.030626122806196206
0.049355251649174266
0.04843962213297099
0.00479072851884751
-0.01910124394928633
0.032104145064576255
0.09732085225937667
0.05565083489907073
0.05872403283224179
0.06036945825467753
0.04783380152999801
0.024090162432413288
0.0810613808095663
0.03606892594703089
0.06344463611598394
-0.051588400298731296
0.07491910614462659
0.018628794208352988
0.06511782399719734
0.05159138921737641
0.01998639898225303
0.04509905116342958
0.05420390450770967
-0.0073526640499301235
0.026205222504771794
0.013896627060197305
0.039515103835911274
0.023681994694641054
0.04864143725397009
0.037148923772618817
0.03033209640389842
0.012659377467144167
0.06240956101441915
0.03342697530182698
0.0013677486963767252
0.012105028583895467
0.06844969404958144
0.059853715134661395
0.045494177945401955
0.004450463854708079
0.0644664870010375
0.03653398705595657
-0.010026221914950431
0.004630523294065036
0.021776641335691425
0.023442657738668313
0.003887392414130431
0.025399072647087725
0.02600350091504354
0.039244604274156325
0.037143714492104164
0.08780216551414764
0.020852854643720914
0.029741638851814155
0.009760273277576111
0.03904089319514031
0.02193705981517426
0.005753062380978901
0.04270281340880994
0.019750816521229213
0.026693982342173423
0.05183703038371047
0.028386267235124017
0.09409876631864228
-0.003986750153800058
0.025588437371672514
0.03810386004026657
0.03885571332111347
0.042070655774453486
0.03086433657814332
0.0534061702550066
0.08209754571985732
0.03452883088804118
0.04790435003253296
0.01941423559689799
0.08223061808764139
0.09222548889214924
0.045425290417739274
0.03363016383096622
0.024981103826455766
0.014320073556877326
0.10089893792413265
0.08660510678828429
0.033527941651162296
0.016876972691798716
0.03272031667962883
0.05373996142004955
0.03921679663931543
-0.0074046870173431764
0.03897185017114015
0.041953641030163136
0.0465530275289351
0.00582829549925843
0.03396875745925185
0.05870859349096884
0.046825051860031906
0.005702306608466694
-0.03196704775666523
0.015584921993466406
0.03823004745429749
-0.018054014993031393
0.053197195375214605
-0.001212439118058055
0.025829688055141718
0.06093746854553273
0.002027986230858202
0.01982197122243308
0.018309149908556456
0.004303956453131436
0.038062038373892645
0.016396081817598357
0.07113842166821864
0.038838232173968236
0.047353103717762225
0.04085022578762357
0.05901526264229005
0.03640242297563286
0.031057592332817817
0.012164779991045989
0.029672805476739592
0.03454942101935138
-0.006989009122417026
0.030650121679929306
0.08087716131579985
0.03850283768056288
0.04461107285117796
-0.0018345511095123933
0.04284955522216902
0.026189365358078653
0.01907781950885695
0.07353909591978007
0.08068408231090439
0.053396677894009016
0.001438295401431425
0.01724295113873191
0.018711356031367907
0.06206683210492115
0.04305275453972378
0.06798329146649033
0.0668409626300065
0.05524708189125178
-0.007794143580728596
0.0016973192628458333
0.08475530559202404
0.04906184407244156
0.01587111619447782
0.04082630273132289
0.020319154933764533
-0.006652012045029212
0.03592906767357742
0.024006219367711915
0.01742615662606962
0.04055520160577645
-0.028294776726221545
-0.034221024020181456
0.031384599011814625
0.06752726096906204
0.010293269630871786
0.035393001971261495
-0.003956125209131089
-0.024175035113400595
0.07526590133967931
0.045011843053228834
0.028144205820811317
0.06328475219806605
0.052619106307605745
0.03785612012245799
0.030461813259722314
0.05455353971410066
0.012828694030715865
0.045727450810705166
0.014251252775532729
0.016363170873523958
0.10055106406189122
0.06678754491692054
0.021928884965994624
0.027932577732714698
0.030911578275291705
0.0542482703076527
0.019078553789981377
0.006267838169571984
0.05535508492757297
0.06705707802719561
0.07731140107925685
0.03567452072912144
0.014752317054465107
0.03153293687227941
0.027036237691998203
0.05710567511626356
0.050247633582728206
0.03643115318901097
0.047131829727333964
0.053006201710424763
0.01743087345128188
0.027732058834192153
0.07348951328750529
0.019939419893582378
0.011109415739048022
0.05204875894408195
0.027853162621007035
0.041756045063747985
0.06846865754602621
0.008205554278807339
0.014920857317066273
-0.02324171052687054
0.03748538025042943
0.06957505516035349
0.05456031703755508
0.0517343836532414
0.07711844409906654
-0.015751177358279224
0.05192866412514756
-0.008604231203414721
0.06823023904793712
0.051459705124646045
0.08021023642115493
0.03396820765964224
0.07800894231308103
0.018801692851785484
0.03336771228001861
0.013910202869333288
-0.023591586337195363
0.0012976944831978225
0.012867879903357068
0.05981828086496571
0.012330574750821619
0.05923346162236156
0.020180212696777913
0.015917976215118448
-0.01954761968080598
0.07431805098520655
-0.03370485151059768
0.039716237196985936
0.017627372180855968
0.02565027471664661
0.09356643595689144
0.0228810695255146
0.05912933204717419
0.009180696827292284
0.014453894831130134
0.010639821932012614
0.03130858599193403
0.007028091874884914
0.06329487121042598
0.05437765777283533
0.01995079149515972
0.07641138026340252
0.04218616091679756
0.0519217252536794
0.013937491408242804
-0.012030662704481745
0.013167536827293448
0.07248391130174991
0.01242203266523207
0.04144122646658425
0.07406301643040461
0.04398212247371607
0.007318166251998128
0.02084655747160629
0.001845560386253991
0.08342379248142838
0.0630303524007751
0.06699471460125031
0.024018881104550305
0.048487246159788853
0.016985238104125278
0.03476869705538763
0.03248334688066351
0.030004111889434807
0.016486877515713094
0.059291982379109986
-0.007359821604031512
0.030580797670943294
0.040842644108942165
0.017034485634334705
0.05037014437882271
0.014513323937532076
0.045122580861170575
-0.01986980113254815
0.023851712949901904
0.06680911540004729
0.002268316211088886
0.056970231473466755
0.04970869085015863
0.01958680145304455
0.026888546963080052
-0.04329765160160504
0.09115893261945164
0.035440144355705104
0.04196256075182566
0.01420387766455483
0.046696692176766655
0.003528862928180176
0.02845078358436208
0.01627741418142203
-0.0007408716962658525
-0.016542739709038416
0.04598580278081254
0.09810521722382229
-0.027523786943166508
0.030976967362366072
-0.011928413957924834
0.06716941363809388
0.06783744845510666
0.06539783269773834
0.01347841081929377
0.043021855976033016
0.060333160235082964
0.11760622667125165
0.0625356645396379
0.08043409461868778
0.05363246996843836
0.06807206395282271
-0.05527891778828727
0.042755626640014414
0.005705463352153954
0.05264491997759632
-0.008624142644048611
0.00830011386614617
0.044335635434471
0.04614373919818973
-0.005988854875488806
0.06079240915374978
0.0501875442759991
0.013886165571768071
0.05294748714646077
0.024068244445421546
0.01481562545683508
0.018241828483135172
0.026172205710242688
-0.028278542557643248
0.027502379720373057
-0.029141510221510136
0.030291288274191544
0.03190783231851175
0.008811386379543786
0.036264892227105404
-0.0003987090921988983
0.03048862296864461
0.04732797390895665
0.040446927668535186
0.06925371590623912
0.04421394000277785
-0.023448238699303927
0.0048985748893053
-0.00012958959411913575
0.01713474684988059
0.06637428543887024
0.03831372402715706
0.011797534910792034
0.06209234052511721
0.03806846356231638
0.06823399758385279
-0.017893699874721558
0.04243792287741144
0.02131563793642307
0.057661534095708615
0.049876573817020514
0.020238312560151066
0.004674781531977548
0.0158460649131769
-0.006514322456215911
0.035199020547024965
0.005036648237508208
0.001030752609255624
0.040770122136785054
0.054167453851149
-0.003347446636796043
0.058363260191822364
0.013745769807646326
0.015206408415340175
0.08014324394856925
0.0038057606867041415
0.05748063962223267
0.009098891464601907
0.03072295716081496
0.01768582844952104
0.035701082685622304
0.00721124417133649
-0.02446612684024329
0.09855085283100973
0.026859600094502938
0.05861171384063739
0.0950990630815515
-0.005573043218925138
0.04120974873706409
0.03829995465609159
0.0353262129183111
0.04638311017804974
0.031458925209903496
0.0646215419501911
0.011281626865076378
0.020426311103864767
-0.04825070204810184
-0.03374958498333115
0.010310662188859898
0.02612758032761484
0.03345583060741132
0.046817409194567325
0.05038880214385126
0.022719508558656742
0.0532136194365112
0.014368935831077468
0.015166695291534476
0.029826263611592893
0.018973530990914467
0.038739257163756285
0.04687947761905899
0.05278423808062848
0.0056919027108529915
0.02711783264893081
0.0370276723637968
0.010201950638091482
0.039818528951950184
-0.0013875046109075972
0.003181809881480976
0.0005342863721483869
0.07704355707628466
0.06938739969867815
0.0018113475491865819
0.017074532938177827
0.017100077786735068
0.015176403409644375
0.02521023840135868
0.053415909328035825
0.01574343527736141
0.04014958621986021
0.09363722952138555
-0.015236522681895473
0.0052745724308151075
0.03995309276730279
0.05221152275865919
0.035227556559937576
0.03578108485066122
0.039624249795281424
0.03495476212513205
0.06569513399802285
0.047591801561892376
0.0029102313978855757
0.008743559157715942
0.047337084092140505
0.016992999701714025
-0.02025204999206479
-0.007142109823675232
0.04497218394031386
0.05733666237557952
-0.00804960248378284
-0.02701414003497912
0.05864314274825815
-0.05307292040350308
0.05227304145054935
0.07248153678235175
0.04900858853906486
-0.04144715132692751
-0.009468162044239793
0.038035344832641205
0.04501819616800155
0.07642295511306173
0.03691714312659693
-0.018733154798879197
-0.003848241558564088
0.05098746945584586
0.02387350563837628
0.05180191474811498
0.057450452224004106
0.01077896786931942
0.04378331423897487
0.0776032521925571
0.06513092751791263
0.01228801371367507
0.039712252190081905
0.06759633654315589
0.02182312162360306
0.02951630817258669
0.06260657436205111
0.005440697843074684
0.0397704110827997
0.04561436031897123
0.0350986641379818
0.03767157290128687
0.09034700453681203
0.03018951747324394
-0.02190280731074569
0.006295749457793021
-0.017528151091634976
0.04783710908289367
0.006625047847303303
0.010598430102191641
0.09255047170690266
0.013927483332583677
0.08241139884474168
0.05403025773141993
0.053777967814275546
-0.01430563182332099
0.010312537852941622
0.08223031867913666
0.05329304221732243
0.049359549064051954
0.02335481364095335
0.023858461426422988
0.05092024675665434
0.050725988044193746
0.07016012246131821
0.054488140948031456
0.028998991218926726
-0.0036352268048174497
0.026993045103046547
0.03370562177620331
0.03988914161948091
0.06615558730742196
0.06990998780812692
0.03936946247625187
-0.0048020179860867275
0.013653742894168083
0.09499338640208939
0.035872119813649614
0.01656832924607912
0.022182848988101283
0.03880693736819383
0.038077241170085194
0.04869036712924077
0.04098247979889861
0.05937208400079125
0.08265881086142131
-0.004878729615006132
-0.013708566859348239
0.011166950638117313
0.031385960716019574
0.053732518919833626
0.02142706301256251
-0.0022328468164332167
0.05147545904594433
0.0539670096779813
0.027855219206944025
0.021622237873742386
-0.014233125785343666
0.057063200987363956
-0.000807034146088209
0.05320720856770166
0.04219051277719708
0.02904805462941815
-0.006464647105051022
0.01965723750494349
0.016214687471769882
0.03889978291921868
0.039240655125044606
0.04432482604454271
0.030711117123113443
0.06705731847155878
0.029707694464041593
0.07819701173605029
-0.009309389331896853
0.04376911343908901
0.07706714707142295
0.03596167303778808
0.036250067324388416
0.05022172221401905
0.02827732926812412
0.007259740716592849
0.05376242195880354
0.04779293690075497
-0.005030703654532959
0.03159808763753085
-0.010933814875971472
0.05156256512881739
-0.007978046643213645
-0.003907959818416886
0.04571830293593335
0.030172024823861276
0.056624680849372694
-0.0211679010360412
-0.010977099280577838
0.08793979071051214
0.03348011058594782
0.06720747561837581
0.07776025404169691
0.008703416288289162
0.036658379816978656
0.07974403379102041
0.06452278331675097
0.03991508306163144
0.06791727984878382
0.0327517827945118
0.041522008336359356
0.0031221406558096486
0.04985706559566655
0.03330589054341804
0.029931334172734966
0.02395901355260801
0.02489750381717495
0.047907390645336514
0.031832254269041495
0.007460705555494795
-0.021031548420074743
-0.0026565725597530814
0.0030830190452867056
0.06953400947977462
0.01624233526850146
0.07342966916713004
0.003717696547151632
0.020640718566914136
-0.05025859961351274
0.03383174342580292
0.011715218693994067
0.05764681161016177
0.04153987096527165
0.02579975583826708
0.028010640439202508
0.03491551241786903
-0.009423517494009234
0.004476868647212466
0.040353163427191516
0.022319637891838284
0.022943157796788304
0.008998613435334207
0.05492769883164478
0.03375589591120446
0.02027066969087623
0.017931702666515243
0.044049986866679366
0.07552677426015059
0.007501811531783079
0.05148336124884346
0.02052806045115142
0.059886800200117385
0.03345491062019237
0.02958724416704378
0.06146283307278773
0.009501589441777642
-0.019427224422482823
0.032273402831244385
0.052023809423953314
0.03548476968553525
0.018934150580979563
-0.0013397388138851709
0.03431440840872549
0.03769522857632863
0.02046054161056565
0.03445404291211115
0.08770617876902756
-0.0005744528938370697
0.07214754411810385
0.06714433197911811
0.03397613518001874
0.07022980396098776
0.05070284940966677
0.01679138264200118
0.04490319950110686
0.06699738290520725
0.07708525776455806
0.04971909396999486
0.034189975145478196
0.060940364253363716
0.10401616391600285
-0.03501369579047485
-0.052372623305359224
0.04184596067796116
0.039035937215514196
0.04222861648652887
0.049412521665258766
0.04003032186019147
0.035816037022565306
0.025228520198357203
0.001110415836899584
0.033778833880208955
0.04310896537500232
0.04758263346705073
0.013436438312597321
0.009499074422030693
0.03730974301236212
0.05430337674457148
0.02678823807621873
0.030054403529742594
0.048928003872536784
0.04098735549153205
0.0967188394608985
0.02809575284894281
0.021535933678058897
0.060185258398123345
0.07323745323972446
-0.027825472382373442
0.05801428602106203
0.054790404494649454
0.09867505403427598
0.01242935917916091
0.05267400364228434
0.03994339511030615
0.03154565200365405
0.05469964858889535
0.06455873067831965
0.054562222704425616
0.06195191144375954
0.03135068587363615
0.028229195109402232
0.008837602089032571
0.007895372116726999
0.01246813632997493
0.0679517368324407
0.043951316749236254
0.06533700593486716
0.036371871223614904
0.05437675101104716
0.021082765976699825
0.07652809095533625
-0.0013129416120127304
0.01640501485739399
0.05340564759807563
0.023404600580611962
0.08811146133113999
0.031057636575366934
0.056477768949220346
0.029890830546346017
0.04324073315683165
-0.003792778332720573
-0.0010831426893297567
0.012594441861672728
0.06393594272624456
0.046950978267234336
0.016036223142745963
0.021409378061455764
0.053428075211561066
0.05042558014115008
-4.930192690427615e-05
0.07304487751989719
-0.005822967589380212
0.05410187134362853
0.020265465907684372
0.046155751316712436
0.005040679463111646
-0.005221959646878305
0.020181021543025725
0.028334505733884408
0.043818468159817936
0.05579321147107109
0.021550689717532802
0.04529218612098981
0.01812207146556744
0.02403310357747072
0.04976155563909924
0.018665521932122026
-0.013229287410362917
0.019652674221713323
0.029835917931406143
8.786346184571579e-05
0.08269642548800839
-0.03209204031643391
-0.004486359169889384
0.03178130858782059
0.05172572826609483
0.04551113577112513
-0.004524655848626053
0.008074060635328789
0.0888553976072481
0.07595418814651135
0.027644801822023116
0.026939906132731666
0.02850891201771351
0.05066094153705644
0.032262209597906405
0.016643251048420536
0.01800473669892595
0.02040857066414652
0.04169907321867878
0.031710601817640086
0.008391814766014848
0.053182505516050575
-0.024721684538025663
-0.0020250657264172653
0.0543490443043826
0.039150868711466974
-0.0036014043684858494
0.060336189311831295
0.03824336095418251
0.02026525675043359
0.0001361432793679605
0.05889551582029986
0.0013474978595975121
0.011862724477121495
0.02750723632254083
-6.388068192485968e-05
0.03541305961821701
0.09889600471319554
0.07770719623168003
0.06130717448758144
0.01361543428094095
0.0345885667492618
0.022194508599928723
0.025751962807359276
0.03312497465690187
0.028343795444420547
0.0028432656532147655
0.01441730238297174
0.06383779006713937
-0.01938961436096558
-0.07003478168253997
0.07544180152958554
0.058866049405875295
0.04420737505390729
0.0031846986958718624
0.007713274194378706
0.00800514993904557
0.011656300611377846
0.0027967978307707176
0.03703237090611196
0.027561601265178638
0.01951068319828718
0.05821328971930318
0.03853813794644435
0.005912601245841318
0.049132937113599784
0.010302364738892162
0.018624404126591013
-0.002844593057751231
-0.021091919853597017
0.027934341560878578
0.03626340066636818
0.013913280177282135
0.0676762250169491
-0.013782789576509384
-0.01583551562321159
0.04375332094817221
0.07737726714964753
0.07035191453530518
0.06919534358726526
0.05276898983094653
0.08088104949615148
0.061557968541733364
0.03040523350952245
0.06021636293423907
0.02562734643970688
0.0004715571911061298
0.028226215537817102
0.01841493640985376
0.04246415139330538
0.05657292942301144
0.03490785467046895
0.04963121079316612
0.059048847919438305
0.013372674897065626
0.051660528114415946
0.05447574648918103
-0.008761866742502
0.04682092391048463
0.008813404244649442
0.027458599510004598
0.011677639742029428
-0.003447824274558747
-0.011129163559830443
0.03222004042667586
0.03631046702666816
0.04179480191796868
0.01811512320839988
0.027180391297541077
0.052410165224357645
0.04714647742501111
0.0035396629145601744
0.04665953654952022
0.043953873243946506
0.027796271350879705
0.060804604939875606
0.05440675868688851
0.041576317243272154
0.004329328780398106
0.02747682725001391
0.05716616218724007
0.058166629578453984
0.029700590131305143
0.012697355356423246
0.009044618456661262
0.03772904933361123
0.056438744563618554
0.0301766066741774
0.05609497958004774
0.0605803459898849
0.017930109267277873
-0.007757230437240691
0.04638020802453637
0.0538597468620483
0.0563476620493263
0.0894451338607942
0.02138303403087406
0.021965423888293246
0.06283688181644452
0.009822206781785123
0.06258824087250643
0.0643188499547892
0.05347458392126846
0.0066441129255649005
0.02041184392820482
0.03900447722346046
-0.03706700254906062
0.012296897909238833
0.06732417485257455
-0.04824551876566494
0.014613088907225912
0.021648883798351882
0.01808155420862836
0.05301163517800814
0.029898716316542524
-0.024014657511710183
0.019107760191338332
0.0047427687694979485
0.06494004055847771
0.018214848790323958
0.04027274771873246
0.0162246292554377
0.036284356115994294
0.05201295903172542
0.03612116779759255
0.026431442301205157
0.03794780911278377
0.019691027804327882
0.044330618174375204
0.04414666688603053
0.0056069235077755904
0.04909622416470795
0.01294753605331942
0.05809482379550604
0.07394223992617871
0.0746621834412456
0.048842793997838974
0.007268328779174181
0.017705838428601225
0.06095502734051388
0.023886783182607892
0.023857320046454782
0.06675960214956513
0.05315289916368597
0.04552892486933323
0.03554633438416069
0.02713639626234563
-0.00118591545690205
0.07772328011279639
-0.0028387574347594024
-0.0024919779540954375
0.03133819558204069
0.02871891293770764
0.0047009487256726955
0.006945660047619386
0.0190783205499484
0.033047237887061494
-0.0037567985280961753
0.03488308536422599
0.038806979592942874
0.017454237329932804
-0.0036332830548975984
0.06934745989794312
0.00611259817821574
0.07167259387175663
0.02914195584500158
-0.0007732623431885539
0.0571358587081284
0.039673505386708045
0.004112743553678428
0.049802012625931084
0.037422465530199255
0.032528020929337244
0.03741999955472371
0.02812835097540549
0.04741010151725908
0.02097637495780996
0.04863036670466543
0.013119543591313263
0.0922098843310989
-0.009847219205975621
0.07383903589324363
0.07750738401648809
0.047954671138254815
0.04622948509286587
0.021917907234490556
0.014734468279136832
0.021861508430697976
0.04611359999529921
0.05107024542061056
0.054485517627777084
0.023780409637277
0.05387606459314258
0.04459448614360325
0.04819193592707569
0.06628367144010457
0.09970368952685392
-0.004735782949760541
0.03675170648516613
0.007829814074025832
0.0231393859753019
0.03470694019553172
0.017366793057151157
0.03948050241354802
-0.005127035578600354
0.07453615770947747
0.11871556499178977
-0.02146964109571944
0.09206574711543788
0.08081178625225621
0.07045136603722728
0.06310188629808017
0.04604895863604683
0.023738160861571184
-0.005552665247546442
0.03348339903657159
-0.04018465349684059
0.04433398879385982
-0.018052948661812864
0.044592548371959466
0.0271488460386737
0.028043998405666324
0.06066813919626543
0.08460777921033294
0.0318062018497962
0.0283325419881658
0.03197310128745601
0.0484847113848585
-0.02355799940819977
0.04601704890938308
0.0431239559638936
0.04204727129110241
0.01631412360030309
0.05924243374880881
0.011634430270248646
0.06133479610303252
0.034785769450894184
0.04791242436575259
-0.010077386081520258
0.011393089474705041
0.026417490716720306
0.05541386313397152
0.06419883170165269
-0.010605621519094156
0.014424997848868273
-0.01608178427680467
0.056311674311876156
-0.007923055373869625
0.09946249945273111
0.02706337166492427
0.003680494099816007
-0.005291519347216635
-0.00599185144469114
0.05048623308267581
0.07880387752016624
0.04642178802845203
0.017884290349270707
0.010499794158158736
0.010687870914053557
0.030461682944332307
-0.022323802794553014
0.07001923674964237
0.008248243402944706
0.06376214018847379
0.020145325571079377
0.023843605129590863
0.04436282408777364
0.036759705170979144
0.029846540104241686
-0.035954056279036584
0.019839342935993966
0.05286043042354083
0.05050552942590589
0.004267271723823452
0.01939049806280826
0.053532453045542376
0.06707368355997156
0.01985544005260677
0.027176219699944305
-0.02485709760478463
-0.03074162475422683
0.02476220546489036
0.06941202927685688
0.04848306710839268
-0.01293262295594526
0.030898125241114887
0.03540365168468487
0.08660227307311577
0.03257678897227869
0.080388665867941
0.053944598240055264
-0.002987152865224241
0.04132094655328409
0.0375359131813527
0.054970330613746336
-0.0013279348833395458
0.0696105091018618
-0.03355668752627524
0.016979930768843764
0.07269105819992393
0.041801647617760104
-0.0014510162671494031
0.01254068556516337
0.030940114066163614
0.06340302806664877
0.010060479341305004
0.03161921648989556
0.062103170385387214
0.06471509712492643
0.04590447168726663
0.015518244911213792
0.04806596072269507
0.03603423631762205
0.03791824402177426
0.009406784481322426
0.04429395224844622
0.06462138833350702
-0.02292776277289559
0.048012327730330116
-0.023426394876406364
0.04048894474966845
0.06424845805839162
0.018760784874069642
0.03834764685762772
-0.006803480955399369
-0.002613593770133548
0.017601274455488296
-0.004689380826563631
-0.0022077050132582677
0.03874841246311883
-0.0260763941474111
0.03871127326692137
-0.03575394562850559
-0.011983206984396259
0.07570919674601985
0.059480604203616755
0.04194034950086434
0.02370677852021325
0.0051118106030464995
0.04097888785771525
0.050205183070512326
-0.008049537372349352
0.02808688746277009
0.04702215777416372
0.0103924819096069
0.043769300099175734
0.006253443105584813
0.05267636601165189
-0.011070839405728072
0.06513005715438498
0.030335851511048725
0.05829622469556342
0.06965233751925258
0.0426377648080579
-0.07755038658132052
0.033499749708503196
0.08039551228236463
-0.0014889644272362901
0.014839886109953494
0.09069934410466475
0.012365153966114041
0.06604100279065056
0.0477060831237322
0.016546993158800462
0.03319111067716812
-0.0009813270227673125
0.027864089134363713
0.0215244849240939
0.015360545336621815
0.04787493278705634
0.027817227566200742
0.06920879061631592
0.033163444623037545
0.07559079701325906
0.016149886841740943
0.02155947518600354
0.029170798678414846
-0.002909517288597616
0.007793758598686493
0.037337861970910456
0.05047541015206784
0.044505609957767735
0.008484253035771607
0.0481737838040838
0.006264015721408417
0.02410462911118696
0.04193875369020914
0.02600410721379361
0.03722060263636185
0.03759158313021585
0.03042635468895569
0.041104842633206726
0.023079793428894744
0.024581668179329295
0.00970770735572444
0.02185058166487459
0.003201121412481219
0.05643706201381874
0.029596953985910585
0.04406180149420004
0.04228904663833722
0.11595299087756733
0.01011968623401299
0.04097112946314417
-0.0074199021716009
0.03780538080798253
0.012206062565506007
0.025627173192647013
0.03007619538321432
0.03161787474533548
0.005697037057079221
0.034802885922712815
0.030579981046468543
0.0703346143218532
0.016275745797256106
0.05533330639121603
0.06062556056783671
0.03363311800472013
0.06246437063569804
0.05521138322038528
0.03432936256443507
0.05696693317857399
0.05349073589727787
0.03629783378847817
0.01688808526718751
0.035646508801443766
0.047182992197225944
0.05865166575614637
0.013106488132590487
0.08991657400299259
0.05727824294126857
0.06537751369062739
0.02032694897019702
0.027273848223305537
0.05210450494590232
-0.0016172675169934432
0.01822377777291371
0.04160485304000655
0.06144896285428121
-0.05000446087940194
0.052853114047011845
0.02897675461318637
0.009827344519154813
0.09448807129121355
0.05041460046843331
0.07922482796586648
0.02847245666830957
0.056401508760026475
0.043204574941819784
0.009158179989073182
0.05054646667298799
0.019615701597710863
0.03913614237019244
0.006719806881252925
0.01764308546766126
0.023150937762898477
0.0309020178327276
0.013958449269900646
0.051551655929317375
-0.0005968020563777696
-0.004929279521270658
0.03196582553686648
0.06249795124036181
0.044799987407126846
0.006785521440098698
0.04130803246042445
0.03345381821880337
0.029103117548641446
0.026341061826096066
0.032899555066468224
-0.0039574226796751325
0.013335910955737898
0.07274412377244129
0.049792446270655405
0.031834679370110405
0.03173421035940373
0.17401464913475764
0.005246636990288307
0.0337616390021641
0.01545213169403752
0.025897731158259343
0.12092661628071329
0.04566679319738314
0.011965762763761451
0.056661354518451716
0.0045179113746965545
0.06512492532863053
0.0435022211845526
0.017638406488399774
0.019957114070407744
0.0614678512312669
0.028860265726597733
0.05282571576675903
0.013233038379633988
0.024381021825405826
-0.02004374489668088
0.019987925839247373
0.021023171177266903
0.059383603863161445
0.023355804926653345
0.006013505317713031
0.03296661267049185
0.055830908392257884
0.040889917866651464
0.03562882795231091
0.050842354627912076
0.07380574465541069
0.04385333528894069
0.01674946851262179
0.03703960849605288
0.012886400657221585
-0.01712642039424721
0.05832212964458927
0.05469613576301169
0.04598152479635623
0.050760804773117826
0.008075697294965345
-0.012162508379268588
0.0586442482364348
0.03481738361127283
0.04221752819127399
0.05505448790878198
0.03214564070585475
-0.003145644414728411
0.015131624945055041
0.040753517172626076
0.0771917464658943
0.017794874721950064
0.08700709614127652
0.06660629394617913
0.055249430854342294
0.04048644495846247
0.026521548049680144
0.0201246958845736
0.0800727469399414
0.04235316126991311
0.009512499394219292
0.05035588306039892
0.062976801628821
0.005131733652058517
0.031242819627646762
0.07176492859636391
0.05401356276810731
0.05723746919505458
0.07580345466468862
0.04284212623758504
0.04192731084488371
0.006386513916111896
0.026132789320594093
0.06897222686525364
0.031699322423136854
0.0337173971903894
0.01698588011319977
0.028741576885485863
0.0302070141951377
0.02876734609038881
0.031033812066468408
0.06576228486904158
0.029709871103432473
0.08581140291480734
0.011857372656820343
0.008691974937714786
0.061989297002704176
0.03953602218438785
-0.002210024434865422
-0.013540532283926964
0.026136200790211266
-0.022011969219390446
0.05718847980580805
-0.02592930382526454
0.057253511212746556
0.04245926496995289
0.06321972121944683
0.04014608283961542
0.05928331197481391
0.06087779912757271
0.008876649718492863
0.03870879205634513
0.022836567860046068
0.02444197234208606
-0.006873677839764645
-0.023703841367352062
0.025146474121177438
0.06389227990313222
0.02118864250726152
-0.007104517111568233
0.01898966093438848
0.018228065164671847
0.06622574720193912
0.0039034882661466183
0.10152763108653055
0.06041109255150565
0.02306196631222732
0.011695091662886422
0.04331431636390429
-0.00014961166236067487
0.07165516267229988
0.03120478246656053
0.028602006760185355
0.00184780251391755
0.04657872572507097
-0.006663835189423691
0.015388194840497499
0.06432746342843118
0.06854000833801424
0.05002588795508614
0.048620303155959305
0.00766695318545638
0.029879209951434053
0.0710622797345479
0.0697696151452007
0.023329276427764736
0.016625327191093487
0.041680389057692016
0.04973557621048979
0.0712734688344998
0.023109205344693556
0.04306053756898373
0.0025082079118128285
0.09599611031271904
0.030365189047015528
0.04673190420681234
0.02839113851198679
0.07176136023938155
0.03381830228722506
0.05784631314261479
-0.019608553365466106
0.11186303797999606
0.059534789810636216
0.07164997429324109
0.02581745063115506
-0.007716034424608962
0.06058569421008075
0.04658526812403491
0.044669700597015326
0.018876109227076117
0.06434035923390787
0.05882222145937368
-0.004221746934453723
0.06325535660952014
0.02288943284566194
0.04226784896122081
0.015941393391532433
0.02628222992241427
0.029768868090570326
0.06129323023348252
0.014118282187228506
0.054123004282396664
0.02187441989058051
-0.0032812085553381967
-0.009207147290658382
0.0627413077116392
-0.03332612728029678
0.028743727531170472
-0.02728449591115704
-0.013246597534204227
-0.06717665411530259
0.060791008787301024
0.03426231839477814
0.055901246425169894
0.047404649040637445
0.06958983085575353
0.05040359420561303
0.08335635750067819
0.06196944032651807
-0.02387331818085655
0.003230276649397679
0.07415886959457817
0.03899937424399563
0.04030848148189372
-0.022484438710053418
0.019145396046256966
0.023535603040096376
0.048523314567703035
0.07077361896369178
0.08193063639209214
-0.02072830413339801
0.023456836419126634
0.022590152426459745
-0.023469065803803126
0.020899646970855904
0.0538499775547357
0.04311173438087251
0.02921929191187306
-0.016600239052022146
0.07345592471736091
0.06437244003662528
-0.007306938578260385
0.07762628156784164
0.04174146000401126
0.057659304769741154
0.033710272864549556
0.03137220663210946
0.024967438977969304
0.05684602846117073
0.03140873339390183
-0.015433788392926041
0.009859391420123058
0.0706974441666618
0.05376341653726498
0.03217470097974699
0.017380776917449627
0.07143412755610773
0.06861757292607769
-0.07645427427018728
-0.03013995421758913
0.019803312896980913
0.05380477667564049
0.05535191357393038
0.056352800732309465
0.036577205057930974
0.04644912579586739
0.00242479823721657
0.049594722975638744
0.10979051429143107
0.034080262364802195
0.03849760892014571
0.020820303488926974
0.07076747670573148
0.08135544569576077
0.037969166719166426
0.04881844698735979
0.10019285740774382
0.041480176504797545
0.041403398311117244
-0.012684870792141737
0.07080309935092095
0.03347064434341256
0.04509813023133431
0.06014738517998873
0.10964466104994329
-0.004383818329895314
